R = [[0.999917,  -0.000503,  0.012853];...
     [0.001816,  -0.983707,  -0.179768];...
     [0.012734,  0.179776,  -0.983625]];
T = [-5.951033;  0.000000;  0.000000];

X0 = [525.746430;  -136.199300;  1137.000000];
X1 = [518.766768;  250.546853;  1189.000000];

X2 = R*X0 + T;