%第一个位置是全局点对应关系
R = [[0.0579674027238,  0.935394840597,   0.348821261401];...
     [-0.045268317031,  0.35151223372,    -0.935088193177];...
     [-0.997291612165,  0.0384140824279,  0.0627200014077]];
T = [-444.611471496;   1102.04828603;    726.240071575 ];

XC = [364.907871;  208.901980;  1168.000000];

XW = R*XC + T;